05004100C607

0300E210

0300AC00

03002910

0400820000

0400920000

0400A20001041400

0300000000000F2742474D3031

02000000010073746166663030

05008200E8030000

02000000140073746166663031

05008200E8030000

02000000140073746166663032

05008200E8030000

02000000140073746166663033

05008200E8030000

02000000140073746166663034

05008200E8030000

02000000150073746166663035

05008200E8030000

02000000200073746166663036

05008200E8030000

02000000150073746166663037

05008200E8030000

02000000150073746166663038

05008200E8030000

02000000150073746166663039

05008200E8030000

02000000150073746166663130

05008200E8030000

02000000230073746166663131

0500820070170000

0500100000040014000100

030020001027

020000000200626C

03001000

0400920000

0400A20000041400

0400820000

0400920000

01003000

